#One Sample T-Test
score <- c(75,77,73,80,65,
           74,75,69,71,72,
           75,74,63,76,67,
           70,69,76,65,68)




#One Sample T-Test #2
score2 <- c(47,45,49,52,48,
            47,45,69,50,58,
            54,55,61,49,52) 


#Dependent Sample T-Test#1

pre <- c(14,14,14,6,18,
         10,18,10,6,10,
         10,10,6,2,14)

post <- c(16,16,15,12,16,
          12,16,13,5,11,
          12,14,6,9,12)


#Dependent Sample T-Test#2

score_1 <- c(24,17,32,14,16,
             22,26,19,19,22)


score_2 <- c(26,24,25,19,19,
             25,25,24,22,23)

#Independent Sample T-Test #1


processing <- c(13,12,11,9,11,
                13,14,14,14,15,
                12,15,14,14,13,
                12,15,14,16,17)


shallow <- c(13,12,11,9,11,
               13,14,14,14,15)

deep <- c(12,15,14,14,13,
          12,15,14,16,17)    


#Independent Sample T-Test #2


visual <- c(51.08,57.03,44.85,75.21,56.87,
            75.28,57.07,80.30,52.20)

textual <- c(64.55,57.60,68.59,50.75,49.63,
             43.58,57.40,49.48,49.57)


#ANOVA#1


pressure <- c(643, 655, 702, 451, 678, 509,
              469, 427, 525, 532, 562, 571,
              484, 456, 402, 623, 711, 488)

#ANOVA#2

number_of_times <- c(9, 12, 14, 11, 13,
                     10, 6, 9, 9, 10,
                     12, 14, 11, 13, 11,
                     9, 8, 11, 7, 8)


#Pearson Moment Correlation#1

number_of_person <- c(5, 6, 14, 19, 15, 11, 18, 22, 26, 25)

no_of_cups <- c(10, 20, 30, 40, 30, 20, 40, 40, 50, 30)

#Pearson Moment Correlation#2

Club_head_speed <- c(100, 102, 103, 101, 105, 100, 99, 105)

Distance <- c(257, 264, 274, 266, 277, 263, 258, 275)

